



MSISDN
84582197984
84582197984
84925388888
84925558888
84925777999
84922227868
84925000814
84926696006
84926697456
84927916789
84925000754
84927007879
84929791987
84923212288
84922222366
84927518568
84929723772
84926364656
84922045386
84925355455
84927298999
84922126689
84925792879
84925046868
84925000711
84923586868
84923252627
84922416688
84925128899
84922926868
84927489596
84923407888
84927020079
84925015791
84925015387
84925014372
84926091985
84925016491
84925016314
84925016294
84925011749
84928330626
84929168888
84922818888
84922999345
84925014048
84925016084
84925018570
84924978688
84922656565
84925016097
84925019027
84925013867
84925017029
84925019983
84922352357
84926000969
84925013194
84925011471
84925016497
84925017523
84925009357
84926836669
84925010820
84929325568
84929332088
84929342088
84922000068
84922015666
84922056523
84922075888
84922078888
84922161616
84922191919
84922800066
84922058054
84922222666
84922223456
84922228686
84922288888
84922315888
84922366666
84922376666
84922474747
84922526666
84922668686
84922668888
84922686968
84922970578
84923206354
84923207666
84923235699
84923300875
84923336868
84923345678
84923356999
84923407879
84923411236
84923423434
84923448888
84923455555
84923456688
84923578888
84923686868
84923686868
84923701969
84923868686
84923903446
84923927474
84923938500
84924182838
84924338888
84924526666
84924868888
84925000701
84925288888
84925308888
84926000066
84926396868
84926458888
84926556679
84926589999
84926660034
84926898294
84927007007
84927039999
84927136666
84927188888
84927568888
84928686868
84928888888
84929006689
84929020641
84929020642
84927068888
84589841161
84923126666
84926026666
84922868686
84926066789
84929304184
84927019999
84926388888
84922406868
84923260954
84927247777
84929306391
84929744525
84922666666
84922999999
84923729999
84926598888
84928093375
84926398888
84923279999
84929288888
84926280745
84922222999
84922353535
84922476666
84922556666
84922566868
84922728888
84922840288
84922841388
84923038888
84923056688
84923110022
84923188888
84923382358
84925236666
84925539899
84925678888
84925718888
84926258888
84926536868
84926869999
84926660036
84926955999
84927028888
84927046666
84927058888
84927138888
84927338888
84927556688
84927889999
84928889999
84929030507
84929136969
84929217747
84929305946
84929312088
84929315543
84929317520
84929322088
84929351199
84929352088
84929362088
84929371558
84929375555
84929398992
84929500078
84929503345
84929511197
84929537555
84929735105
84929756669
84929784868
84929882000
84929900929
84929985610
84922026688
84926660037
84923288888
84927455555
84926048888
84922576688
84929616263
84922562555
84923546196
84922306688
84922056521
84926556680
84926988888
84922173075
84923896666
84922598869
84929080853
84924151617
84924659999
84923016918
84923860989
84924153999
84922173076
84922173077
84922173078
84922173080
84922173081
84922173082
84922173083
84922173084
84924625555
84924635555
84924645555
84922248888
84923726666
84924153666
84924156868
84922696919
84922696922
84922696926
84922696934
84922696935
84922696938
84923161616
84922588888
84923656786
84923202345
84923202468
84923203203
84923203456
84923203579
84923204204
84922116666
84922139999
84922169999
84925028888
84929188888
84926982999
84922179999
84927886868
84922366868
84927555666
84923941010
84927086868
84922176868
84922155656
84922166868
84922152626
84924000303
84924152999
84922749999
84925000268
84925011668
84922318999
84926798888
84923859999
84922165656
84923369999
84582060165
84925526868
84922446688
84926291086
84922800111
84927621555
84926406999
84927026666
84924898989
84928238888
84929741818
84922669999
84923999999
84922189999
84928288888
84925090909
84923576668
84922196868
84923270066
84923635500
84923629911
84923629922
84922072008
84928666666
84925969999
84923059999
84928669999
84928669999
84927373737
84928238238
84928383838
84923223322
84923833438
84924869999
84925085555
84925085555
84923005555
84922989999
84924615555
84924777777
84562166133
84922023686
84922007686
84928052992
84922282555
84921363569
84924388586
84923658998
84923550868
84925256636
84927309996
84922299688
84929696599
84926239229
84924414568
84583889998
84922841992
84923360888
84921584979
84923487169
84929323567
84924449990
84925951186
84927932868
84926922282
84925831989
84924586686
84923446678
84583766686
84583766669
84582742268
84925828882
84923959898
84927018868
84586396668
84923428868
84921188968
84927290888
84923403214
84927531789
84925633678
84926442816
84583023979
84922131993
84926306678
84929226669
84925828486
84929226689
84924455889
84929556768
84923651988
84922396689
84929026689
84924194404
84925115551
84927149789
84925121368
84923926369
84923902668
84929992883
84923555688
84929934444
84929777797
84923406234
84922576667
84928998885
84925190190
84926269268
84921323323
84926242232
84926966204
84926589878
84926391990
84922182999
84921855855
84922822833
84925541992
84922822668
84928999970
84924686166
84924106888
84922528388
84582655556
84584172385
84926596979
84925099966
84928367979
84923774789
84922983999
84923186888
84921278975
84528500345
84925292393
84523041789
84568091101
84925371988
84925671979
84928505070
84923888389
84929533868
84925669668
84922329222
84585076001
84583886883
84921368889
84928919686
84923269296
84929806807
84928888959
84582681794
84925551005
84978844555
84586514116
84928888727
84921226357
84926826556
84925779135
84923647366
84921309345
84923393739
84923966686
84926935678
84929162886
84928515515
84926802678
84928488668
84929037038
84924040125
84923735558
84926928818
84927888837
84924078889
84929567168
84929815567
84922393668
84924777001
84922309666
84925515357
84927323789
84925979986
84586422129
84929997269
84582197984
84582197984
84582197984
84928828888
84923450000
84925889889
84923936666
84563210355
84929598888
84921238888
84921258888
84921222888
84921353888
84924678999
84924868686
84925997979
84925686999
84929878899
84925968686
84921393939
84925868686
84921685555
84923616666
84923626666
84921368368
84921331999
84925226666
84921768888
84925598888
84928693888
84928669999
84924615555
84922882222
84922003789
84927426868
84927335757
84923358888
84589841161
84928828888
84923450000
84925889889
84923936666
84563210355
84929598888
84922598869
84921238888
84921258888
84921222888
84921353888
84924678999
84925686999
84924868686
84925997979
84929878899
84925968686
84921393939
84921685555
84923616666
84923626666
84921368368
84921331999
84925226666
84921768888
84925598888
84928693888
84928669999
84924615555
84922882222
84927335757
84923358888
84925012962
84925007223
84926942014
84925011486
84925004890
84928015190
84925009665
84925009109
84926883838
84925038688
84925010722
84925011169
84926005266
84925006082
84926595888
84923634488
84925006300
84925010828
84925009477
84925007181
84925559089
84925007593
84925010844
84926216668
84925006564
84925009721
84925010972
84925012234
84926188818
84925001239
84925009561
84925011139
84925009741
84925011021
84925011450
84925000256
84925008845
84925003436
84928860090
84925008617
84926141086
84922268269
84928336338
84928866288
84928366889
84928668828
84928891992
84925000567
84925002440
84925000224
84922226869
84927091986
84925000941
84928256266
84925011657
84925008134
84925009361
84925011472
84925011859
84922229986
84925007030
84925008389
84925000725
84925000739
84925009715
84925011573
84925012388
84925000566
84928036668
84928864002
84923798282
84925002532
84925010825
84928685768
84922552588
84925000735
84929941994
84925010873
84925011093
84925007544
84923478181
84925000834
84925011125
84926180692
84928128138
84925000557
84925000993
84925000489
84922273669
84923977912
84925007674
84926638882
84925000525
84929999699
84925007664
84925000246
84923023123
84582197984
84925009545
84925011104
84926899779
84925008002
84925007645
84925008632
84925906668
84926805460
84925012240
84925011208
84925012004
84925000963
84925000527
84926996889
84925009282
84925007643
84925009284
84923155789
84925230491
84922558388
84926336881
84924272113
84925659969
84925678979
84922939993
84928393969
84925009871
84925007763
84922966996
84923388879
84925000292
84923181838
84925733788
84925666168
84928118118
84927007008
84922002202
84928384858
84929579579
84925000591
84923212299
84925000237
84925000260
84923237979
84924411191
84925007534
84925894091
84925009231
84925011041
84925009152
84925007670
84925012017
84925000635
84925012112
84925006405
84925000805
84925000919
84925001183
84925008657
84925004068
84921757757
84926186268
84925007663
84925000593
84925007633
84925008602
84925007589
84925007648
84923697447
84925004226
84925001772
84925004522
84925000585
84925005228
84925005482
84925004421
84925005562
84925009421
84925007644
84925009144
84925000281
84928678990
84925000484
84925005237
84925007352
84927253979
84922222688
84927775775
84924489589
84924455800
84925000556
84922668861
84923241234
84925067067
84925007102
84924488339
84923209499
84927677879
84925007984
84928899990
84921876543
84926868568
84922338899
84925001230
84927737868
84925013506
84925006130
84925009204
84925000998
84925003536
84925140189
84925004016
84926435789
84928868898
84925008576
84925000995
84925009443
84923328328
84926999965
84925352362
84926202991
84928222678
84925007493
84929354535
84929771984
84925350350
84928282839
84925008172
84921583333
84925010048
84585158789
84925002566
84928388668
84922226186
84928879789
84925003795
84922266678
84928777789
84925010896
84926388399
84925000938
84925002418
84925009819
84925011862
84921256789
84925008388
84923976919
84925009760
84924359779
84928625626
84925007945
84921686677
84925007803
84926010203
84929815565
84925007877
84928755788
84925000729
84928255552
84925007821
84925007802
84925008735
84925008193
84925007906
84922002668
84925000255
84925009374
84928183688
84922973333
84925572688
84922099692
84926030404
84926222866
84926562562
84928555995
84928818669
84923312666
84926050333
84928658688
84925275875
84528558088
84925552727
84925601772
84922962963
84923572367
84926969369
84929791279
84925007790
84925000828
84925000833
84922887986
84926869986
84925985665
84926862268
84929404212
84925002658
84925002924
84929581992
84921258688
84923195555
84925010388
84923132888
84925869586
84922448898
84928295295
84927588868
84925399399
84925393938
84923285666
84925903866
84928181878
84927217217
84929720668
84925007305
84925007739
84925003404
84925008659
84928268878
84925007823
84926996092
84922265656
84925010062
84924547779
84929398999
84929828727
84926278279
84926222289
84925002627
84925000678
84927237222
84923409888
84925570001
84927888818
84925368668
84922996886
84926454789
84925706468
84927093883
84925876668
84923457997
84928855866
84921104666
84923967899
84922333689
84922298586
84927405222
84925251166
84928211193
84922281186
84925041988
84927036868
84922888882
84925001368
84925001413
84928283979
84925335889
84925858525
84925009053
84925323444
84589999099
84925117779
84928479678
84929509789
84923777752
84922979796
84925322677
84927994995
84522558886
84923364999
84926441357
84586001368
84925117118
84926777752
84925160068
84927090999
84924825567
84929005679
84925367367
84926577979
84925858575
84924923979
84924987999
84928867779
84924098779
84925071113
84923638393
84925386886
84926797939
84929385879
84922223448
84925191979
84929658789
84925004047
84926393539
84923699799
84922999102
84922676777
84926286289
84925005869
84925160116
84925009092
84925009606
84925948668
84925550015
84925004768
84925550686
84927521777
84926860087
84928535568
84928858859
84925005093
84926812222
84927546181
84925009503
84928696979
84925989181
84923688777
84925222252
84922438668
84928903904
84929588858
84929862789
84924803304
84925007800
84928919979
84925009400
84925002336
84925010646
84925000536
84925009736
84928926886
84929346898
84928885888
84925002436
84925007752
84925009034
84925009937
84925007697
84925006913
84925225563
84925007826
84926866996
84925160354
84923999916
84928662866
84925686113
84925072207
84924128566
84927772557
84925008736
84925007502
84925009761
84928882883
84928285858
84925005845
84926664668
84925012261
84925011263
84925012018
84925011589
84925001382
84925011591
84925000982
84925007747
84922567889
84927797779
84925199192
84923883533
84924413979
84924386456
84587978789
84926081994
84926691819
84924423979
84921193979
84589990188
84928367567
84929119129
84926816679
84927008668
84587788778
84924113119
84567152424
84928285858
84925005845
84926664668
84925012261
84925011263
84925012018
84925011589
84925001382
84925011591
84925000982
84925007747
84922567889
84927797779
84925199192
84922002202
84928384858
84929579579
84923212299
84925000237
84925000260
84923237979
84924411191
84925007534
84925894091
84925009231
84925011041
84925009152
84925007670
84925012017
84925012112
84925006405
84925000805
84925000919
84925000591
84925005482
84925004421
84925005562
84925009421
84925007644
84925009144
84925000281
84928678990
84925000484
84925005237
84925007352
84926868568
84922338899
84925001230
84927737868
84925013506
84925001183
84925008657
84925004068
84921757757
84926186268
84925007663
84925000593
84925007633
84925008602
84925007589
84925007648
84923697447
84925004226
84925001772
84925004522
84925000585
84925005228
84925006130
84925009204
84925000998
84925003536
84925140189
84925004016
84926435789
84928868898
84925008576
84925000995
84925009443
84922226186
84928879789
84925003795
84922266678
84928777789
84925010896
84926388399
84925000938
84925002418
84925009819
84925011862
84921256789
84925008388
84923976919
84925009760
84924359779
84925000255
84925009374
84928183688
84922973333
84925572688
84922099692
84926030404
84926222866
84926562562
84928555995
84928818669
84923312666
84926050333
84928658688
84925275875
84528558088
84929581992
84921258688
84923195555
84925010388
84923132888
84925869586
84922448898
84928295295
84927588868
84925399399
84925393938
84923285666
84925903866
84928181878
84927217217
84929720668
84927237222
84923409888
84925570001
84927888818
84925368668
84922996886
84926454789
84925706468
84927093883
84925876668
84923457997
84928855866
84921104666
84923967899
84922333689
84922298586
84927405222
84925251166
84928211193
84922281186
84925041988
84927036868
84922888882
84925001368
84925001413
84928283979
84925335889
84925858525
84925009053
84925323444
84589999099
84925117779
84928479678
84929509789
84923777752
84922979796
84925322677
84927994995
84522558886
84923364999
84926441357
84586001368
84925117118
84928031989
84929220789
84928501105
84924766768
84588288059
84925010049
84925012962
84925007223
84926942014
84925011486
84925004890
84928015190
84925009665
84925009109
84926883838
84925038688
84925010722
84926777752
84925160068
84927090999
84924825567
84929005679
84925367367
84926577979
84925858575
84924923979
84924987999
84928867779
84924098779
84925071113
84923638393
84925386886
84926797939
84929385879
84925011169
84926005266
84925006082
84926595888
84923634488
84925006300
84925010828
84925009477
84925007181
84925559089
84925007593
84925010844
84926216668
84925006564
84925009721
84925010972
84925012234
84922223448
84925191979
84929658789
84925004047
84926393539
84923699799
84922999102
84922676777
84926286289
84925005869
84925160116
84925009092
84925009606
84925948668
84925550015
84925004768
84925550686
84926188818
84925001239
84925009561
84925011139
84925009741
84925011021
84925011450
84925000256
84925008845
84925003436
84928860090
84925008617
84926141086
84922268269
84928336338
84928866288
84928366889
84927521777
84926860087
84928535568
84928858859
84925005093
84926812222
84927546181
84925009503
84928696979
84925989181
84923688777
84925222252
84922438668
84928903904
84929588858
84929862789
84924803304
84928668828
84928891992
84925000567
84925002440
84925000224
84922226869
84927091986
84925000941
84928256266
84925011657
84925008134
84925009361
84925011472
84925011859
84922229986
84925007030
84925008389
84925007800
84928919979
84925009034
84925009937
84925007697
84925006913
84925000725
84925000739
84925009715
84925011573
84925012388
84925000566
84928036668
84928864002
84923798282
84925002532
84925010825
84928685768
84922552588
84925000735
84929941994
84925010873
84925011093
84925007544
84923478181
84925000834
84925011125
84926180692
84928128138
84925000557
84925000993
84925000489
84922273669
84923977912
84925007674
84926638882
84925000525
84929999699
84925007664
84925000246
84923023123
84582197984
84925009545
84925011104
84926899779
84925008002
84925007645
84925008632
84925906668
84926805460
84925012240
84925011208
84925012004
84925000963
84925000527
84926996889
84925009282
84925007643
84925009284
84923155789
84925230491
84922558388
84925009400
84925002336
84925010646
84925000536
84925009736
84928926886
84929346898
84928885888
84925002436
84925007752
84925009761
84928882883
84921686677
84925007803
84926010203
84929815565
84925007877
84928755788
84925000729
84928255552
84925007821
84925007802
84925008735
84925008193
84925007906
84922002668
84925552727
84925601772
84922962963
84923572367
84926969369
84929791279
84925007790
84925000828
84925000833
84922887986
84926869986
84925985665
84926862268
84929404212
84925002658
84925002924
84925007305
84925007739
84925003404
84925008659
84925225563
84925007826
84926866996
84925160354
84923999916
84928662866
84925686113
84925072207
84924128566
84927772557
84925008736
84925007502
84923883533
84924413979
84924386456
84587978789
84926081994
84926691819
84924423979
84921193979
84589990188
84928367567
84929119129
84926816679
84927008668
84587788778
84924113119
84567152424
84926336881
84924272113
84925659969
84925678979
84922939993
84928393969
84925009871
84925007763
84922966996
84923388879
84925000292
84923181838
84925733788
84925666168
84928118118
84927007008
84925000635
84927253979
84922222688
84927775775
84924489589
84924455800
84925000556
84922668861
84923241234
84925067067
84925007102
84924488339
84923209499
84927677879
84925007984
84928899990
84921876543
84923328328
84926999965
84925352362
84926202991
84928222678
84925007493
84929354535
84929771984
84925350350
84928282839
84925008172
84921583333
84925010048
84585158789
84925002566
84928388668
84928625626
84925007945
84928268878
84925007823
84926996092
84922265656
84925010062
84924547779
84929398999
84929828727
84926278279
84926222289
84925002627
84925000678
84928031989
84929220789
84928501105
84924766768
84588288059
84925010049
84921359999
84587562141
84587562143
84587562150
84587562151
84587562152
84587562154
84587562156
84587562157
84587562158
84587562162
84587562163
84587562164
84587562166
84587562167
84587562306
84587562307
84587562309
84587562312
84587562313
84587562314
84587562315
84587562316
84587562317
84587562318
84587562320
84587562334
84587562336
84587562338
84587562340
84587562343
84587562347
84587562348
84587562349
84587562353
84587562354
84587562355
84587562357
84587562359
84587562360
84587562363
84587562364
84587562541
84587562542
84587562543
84587562545
84587562546
84587562547
84587562548
84587562549
84587562552
84587562553
84587562554
84587562557
84587562558
84587562559
84587564245
84587564246
84587564248
84587564250
84587564251
84587564252
84587564253
84587564254
84587564255
84587564258
84587564259
84587564260
84587564261
84587564262
84587564265
84587564266
84587564534
84587564535
84587564536
84587564539
84587564542
84587564544
84587564547
84587564548
84587564549
84587564634
84587564635
84587564638
84587564639
84587564640
84587564642
84587564643
84587564644
84587564645
84587564647
84587565137
84587565138
84587565139
84587565140
84587565142
84587565143
84587565144
84587565147
84587565149
84587565152